

006070000
040000007
070500210
008050001
021000430
600030700
063008040
100000090
000100600
1000


090054276
700806500
560209108
000040029
070010805
200000400
008007042
000680003
607000000
1001


502060701
000000000
100904006
001000300
900080005
007000100
400107009
000000000
608040203
1003
#####################################

006005000
008090000
002000817
400308000
030050040
000206009
815000400
000070900
000100600
1004


080007009
100000600
000300080
002030007
000214000
500090400
050003000
004000003
600100020
1005


095800000
200300400
700020030
480000000
002000500
000000016
040030007
006004005
000009260
1006


000000000
960003720
005680000
180005600
000090000
006400057
000042900
038700042
000000000
1007


030000040
000503000
019060320
300407006
400801007
800206003
056040830
000605000
080000090
1008


200008006
080020010
006150200
800000600
021000850
005000003
003049100
070060040
900700002
1009


246500100
130020000
907000402
300002000
050000040
000700008
709000304
000010085
008009217
1010


705004002
090030060
000007005
103000000
080000030
000000408
600400000
030080050
400500207
1011


600700980
000050012
104280765
000672000
769030000
083100070
000320106
315460207
026010040
1013


009700031
300400000
020000000
004070010
018603290
060090300
000000040
000005007
840006500
1014


007000090
800700100
095020304
000695010
009204500
050371000
902010680
008002001
070000900
1015


820070050
000021000
709000002
107605908
385000041
002004500
510700000
008100403
974002000
1016


000603000
300080009
070105020
907000305
050000080
608000402
040809030
800030004
000201000
1017


500700001
010060020
007400900
000070806
080000050
104030000
001002500
090010030
200006007
1018


000010000
000503000
023749510
930000025
041060390
750000064
089236740
000104000
000080000
1019


970002000
108006004
002000700
001850400
547021009
806790105
300508000
000000540
720040080
1020


763000000
409070213
000934000
890720006
000500970
200000000
000090000
008000720
305087001
1021


400000003
050201040
009000600
090070020
000605000
010040030
008000100
030502070
200000005
1022


002000050
109840000
000300041
000000620
060070030
051000000
390004000
000089703
020000900
1023


002030600
000405000
804000702
020000080
300000006
060000010
508000107
000703000
001060400
1024

000010000
009000800
840903017
002000400
500030009
003000600
650208094
004000500
000060000
1025

001780900
800000003
009301600
003000504
100000008
904000100
008604700
400000001
005027800
1026

702640009
006800000
158003000
610000300
800000002
007000048
000400783
000008200
900026401
1027

009000800
070805030
400602009
087000150
000000000
012000980
800901007
020304090
001000500
1028

009000020
006205007
480003600
050080730
000000000
063020040
001600058
200801400
030000200
1029

040800100
000603208
580000000
050030086
000000000
720090010
000000074
406705000
001009050
1030


008370000
607200004
030400726
204000010
000000000
050000603
891003070
500001902
000057800
1031

309060108
000407000
408000502
040000050
200000006
050000090
605000704
000106000
804020603
1032

070823000
900007800
008000050
800004012
100000007
340500008
030000400
002400001
000169000
1033

000200430
260090080
100008000
009000007
070000090
500000600
000600001
090030042
043005000
1034

009000400
005103200
610000089
020709010
000000000
060501030
950000027
008207600
007000500
1035


000312000
007000200
030407080
502000701
900000006
106000803
020801060
004000500
000529000
1036

700602304
000100900
340000000
800000032
000000000
120000007
000000046
008007000
605901008
1037


005804000
030100760
010500004
500000416
000000000
162000009
400008050
053007020
000309100
1038


053407610
800000003
040000090
300806005
000000000
600509008
010000020
200000004
089603750
1039


000503000
005000900
170408056
340000072
000000000
560000043
630804095
002000800
000709000
1040


208009704
006007100
030004020
872000000
000000000
000000951
020100040
004700600
601900308
1041

602090007
000400500
004008010
008000030
005106200
070000600
050300100
006009000
900060703
1042


060000070
507000204
080504060
005901700
000000000
006203900
070602030
304000806
020000050
1043

000560028
000301670
006024905
408006010
671002090
005000006
097640300
260175400
054009001
1044


200000080
936005000
000072690
008200400
540000001
000080570
820703000
009000000
600000107
1045

200000080
936005000
000072690
008200400
540000001
000080570
820703000
009000000
600000107
1046

005970201
943801005
017536000
076403180
034010906
120600370
490000000
000005093
000100607
1047


721840000
308209607
500007004
200104800
439000005
087000300
000000058
052070030
903500000
1048


200000080
936005000
000072690
008200400
540000001
000080570
820703000
009000000
600000107
1049


000050000
005706300
080090040
040010030
908000501
010070090
060030080
007609200
000040000
1050

016000004
000001003
038060250
000070040
005489100
040010000
081050420
200600000
700000680
1051

010005430
009000076
000010905
000130002
040000080
700098000
506020000
930000200
082600050
1052

097030200
600000007
802010000
901500400
070000080
003009102
000070609
700000008
005020710
1053


300010008
010370090
008002300
007000050
520000061
040000700
001800900
030064020
200050007
1054


050000010
609003007
010470000
002000040
001050200
060000800
000048030
500100908
080000070
1055


600300008
070000045
000720100
037401000
500000003
000502860
002093000
350000090
700005004
1056


582000600
006004005
300000007
701000000
260140000
438057010
000820000
000705930
007030062
1057


000006007
106003400
070000019
007040002
000309000
400060500
830000090
001200805
900500000
1058


030148200
042000700
900070504
298060070
050002046
000380050
005820600
020090380
069700020
1059

800006209
093004076
100009000
020010004
000300905
065090027
000003000
002001003
534900800
1060

042800005
500009078
090000100
680090000
000070000
000060047
006000010
450600009
100007250
1061


001000003
406070200
930010000
310200060
500068000
000000028
004806002
607903804
823140900
1062

070910000
060300094
001400800
000000526
700050009
582000000
007001900
620008030
000039040
1063

900000004
083607920
050000070
000328000
200060003
000475000
010000060
032709140
700000009
1064

400807000
009000300
000900405
004005710
600020004
028700500
201004000
006000900
000103007
1065


100000000
260157300
907648010
020000006
576094120
809706530
401003092
602400800
050002000
1066


506004070
020000003
009010800
000007020
900103008
040500000
004070100
700000050
030400607
1067


042700900
000060001
091500003
017040089
050928017
009070000
000300700
000006200
000200004
1068

090702080
400000005
008050900
056030190
080090030
049010750
001070300
600000009
030106020
1069


400802006
060010040
038000170
000127000
700304001
000589000
074000210
020030060
900208005
1070

400802006
060010040
038000170
000127000
700304001
000589000
074000210
020030060
900208005
1071


607408103
000000000
804107902
901030805
000509000
206080309
503804206
000000000
409206507
1072


700091002
060200090
001060500
800000020
206040305
050000008
005080900
080004050
300650007
1073

800400019
040060000
560009030
308025000
000000000
000310907
050800092
000030070
780004003
1074


300090002
010007490
040810000
030000700
702000501
005000040
000028060
029700030
600030004
1075


000012635
135804000
006000800
009000010
010590020
460081590
700230004
200000100
603109082
1076


071000200
000680009
800007003
007301040
090040080
040708900
700900006
200073000
005000370
1077


004809000
030040000
800070100
900703006
053090740
200406001
005060003
000080020
000305600
1078

090820103
600000000
008003000
000042006
210000085
400750000
000600500
000000007
703095010
1079


030000208
200010960
780000000
300240080
000793000
010085003
000000026
067030004
804000050
1080


006002030
080050062
200000000
000008000
004100083
700090005
820009056
090800300
600704091
1081


347051000
019000000
506340000
070003002
001000700
900800050
000035608
000000320
000680591
1082


007100460
400000208
090050007
050003100
000708000
009400030
600020040
903000005
025009600
1083


694001000
003020045
270060000
001004070
026087093
357000402
069000001
130600700
000102000
1084


010806005
850003040
090050280
000000500
280030069
001000000
029010050
040700098
300905070
1085


400902006
003006000
000030090
720040009
005809600
300020014
060050000
000200500
500103007
1086


002009105
080703900
000000020
050040000
700908003
000010060
040000000
008201090
903800600
1087


900010002
030004910
070250000
060000800
703000601
009000050
000092070
057800060
400070003
1088
