25
000010000
009000800
840903017
002000400
500030009
003000600
650208094
004000500
000060000
26
001780900
800000003
009301600
003000504
100000008
904000100
008604700
400000001
005027800
27
702640009
006800000
158003000
610000300
800000002
007000048
000400783
000008200
900026401
28
009000800
070805030
400602009
087000150
000000000
012000980
800901007
020304090
001000500
29
009000020
006205007
480003600
050080730
000000000
063020040
001600058
200801400
030000200
30
040800100
000603208
580000000
050030086
000000000
720090010
000000074
406705000
001009050
32
309060108
000407000
408000502
040000050
200000006
050000090
605000704
000106000
804020603
33
070823000
900007800
008000050
800004012
100000007
340500008
030000400
002400001
000169000
34
000200430
260090080
100008000
009000007
070000090
500000600
000600001
090030042
043005000
35
009000400
005103200
610000089
020709010
000000000
060501030
950000027
008207600
007000500
37
700602304
000100900
340000000
800000032
000000000
120000007
000000046
008007000
605901008
42
602090007
000400500
004008010
008000030
005106200
070000600
050300100
006009000
900060703
44
000560028
000301670
006024905
408006010
671002090
005000006
097640300
260175400
054009001
46
200000080
936005000
000072690
008200400
540000001
000080570
820703000
009000000
600000107
47
005970201
943801005
017536000
076403180
034010906
120600370
490000000
000005093
000100607
51
016000004
000001003
038060250
000070040
005489100
040010000
081050420
200600000
700000680

52
010005430
009000076
000010905
000130002
040000080
700098000
506020000
930000200
082600050
53
097030200
600000007
802010000
901500400
070000080
003009102
000070609
700000008
005020710
60
800006209
093004076
100009000
020010004
000300905
065090027
000003000
002001003
534900800
61
042800005
500009078
090000100
680090000
000070000
000060047
006000010
450600009
100007250
63
070910000
060300074
001400800
000000526
700050009
582000000
007001900
620008030
000039040
64
900000004
083607920
050000070
000328000
200060003
000475000
010000060
032709140
700000009
65
400807000
009000300
000900405
004005710
600020004
028700500
201004000
006000900
000103007
69
090702080
400000005
008050900
056030190
080090030
049010750
001070300
600000009
030106020
71
400802006
060010040
038000170
000127000
700304001
000589000
074000210
020030060
900208005
74
800400019
040060000
560009030
308025000
000000000
000310907
050800092
000030070
780004003
79
090820103
600000000
008003000
000042006
210000085
400750000
000600500
000000007
703095010
########################